------------------------------------------------------------------------------------------------------------------------------------------
  SISTEMA RECOMENDADOR: 
   - Métrica elegida: Pearson
   - Número de vecinos: 5
   - Predicción elegida: Simple
------------------------------------------------------------------------------------------------------------------------------------------
  MATRIZ ELEGIDA    
[0]    5.00		3.00		4.00		4.00		-		
[1]    3.00		1.00		2.00		3.00		3.00		
[2]    4.00		3.00		4.00		3.00		5.00		
[3]    3.00		3.00		1.00		5.00		4.00		
[4]    1.00		5.00		5.00		2.00		1.00		
------------------------------------------------------------------------------------------------------------------------------------------
  MATRIZ DE SIMILITUDES     
[0]    0.0000		0.8528		0.7071		0.0000		-0.792		
[1]    0.8528		0.0000		0.4677		0.4900		-0.900		
[2]    0.7071		0.4677		0.0000		-0.161		-0.467		
[3]    0.0000		0.4900		-0.161		0.0000		-0.642		
[4]    -0.792		-0.900		-0.467		-0.642		0.0000		
------------------------------------------------------------------------------------------------------------------------------------------
Vecinos utilizados para calcular:4 -> Item: 4
[(1, 0.8528028654224417), (2, 0.7071067811865475), (4, -0.7921180343813393)]
Resultado prediccion: 2.2542
------------------------------------------------------------------------------------------------------------------------------------------
  RESULTADO     
[0]    5.00		3.00		4.00		4.00		2.25		
[1]    3.00		1.00		2.00		3.00		3.00		
[2]    4.00		3.00		4.00		3.00		5.00		
[3]    3.00		3.00		1.00		5.00		4.00		
[4]    1.00		5.00		5.00		2.00		1.00		
------------------------------------------------------------------------------------------------------------------------------------------
